+----------+----------------+--------+---------+---------+---------+------------------------------------------------------------------------------------------------------------------------+
|make_name |model_name      |num_cars|min_price|max_price|avg_price|years_present                                                                                                           |
+----------+----------------+--------+---------+---------+---------+------------------------------------------------------------------------------------------------------------------------+
|AM General|Hummer          |10      |55000.0  |139900.0 |87098.9  |[1998, 1999, 2000]                                                                                                      |
|Acura     |CL              |25      |650.0    |6000.0   |3532.0   |[2001, 1998, 2002, 2003, 1999, 1997]                                                                                    |
|Acura     |ILX             |2222    |6995.0   |39305.0  |24810.78 |[2019, 2016, 2020, 2017, 2013, 2014, 2018, 2015]                                                                        |
|Acura     |ILX Hybrid      |20      |8398.0   |17999.0  |12319.8  |[2013, 2014]                                                                                                            |
|Acura     |Integra         |8       |2695.0   |47900.0  |9659.25  |[2001, 1993, 2000, 1997]                                                                                                |
|Acura     |Legend          |4       |4995.0   |15999.0  |8972.25  |[1990, 1989, 1993, 1994]                                                                                                |
|Acura     |MDX             |11488   |1600.0   |63745.0  |40216.42 |[2004, 2019, 2005, 2020, 2006, 2013, 2007, 2014, 2015, 2001, 2016, 2008, 2002, 2017, 2009, 2003, 2010, 2011, 2018, 2012]|
|Acura     |MDX Hybrid Sport|221     |28941.0  |62170.0  |53652.12 |[2019, 2020, 2017, 2018]                                                                                                |
|Acura     |NSX             |56      |39950.0  |198795.0 |124859.88|[2004, 2019, 2005, 2020, 2017, 2002, 1991, 2003, 1995, 1992, 1993, 2018, 1997]                                          |
|Acura     |RDX             |7508    |4495.0   |50520.0  |35166.02 |[2019, 2020, 2021, 2013, 2007, 2014, 2015, 2016, 2008, 2017, 2009, 2010, 2011, 2018, 2012]                              |
+----------+----------------+--------+---------+---------+---------+------------------------------------------------------------------------------------------------------------------------+
only showing top 10 rows
