Acura,CL,25,650.00,6000.00,3532.00,[1997, 1998, 1999, 2001, 2002, 2003]
Acura,ILX,2222,6995.00,39305.00,24810.78,[2013, 2014, 2015, 2016, 2017, 2018, 2019, 2020]
Acura,ILX Hybrid,20,8398.00,17999.00,12319.80,[2013, 2014]
Acura,Integra,8,2695.00,47900.00,9659.25,[1993, 1997, 2000, 2001]
Acura,Legend,4,4995.00,15999.00,8972.25,[1989, 1990, 1993, 1994]
Acura,MDX,11488,1600.00,63745.00,40216.42,[2001, 2002, 2003, 2004, 2005, 2006, 2007, 2008, 2009, 2010, 2011, 2012, 2013, 2014, 2015, 2016, 2017, 2018, 2019, 2020]
Acura,MDX Hybrid Sport,221,28941.00,62170.00,53652.12,[2017, 2018, 2019, 2020]
Acura,NSX,56,39950.00,198795.00,124859.88,[1991, 1992, 1993, 1995, 1997, 2002, 2003, 2004, 2005, 2017, 2018, 2019, 2020]
Acura,RDX,7508,4495.00,50520.00,35166.02,[2007, 2008, 2009, 2010, 2011, 2012, 2013, 2014, 2015, 2016, 2017, 2018, 2019, 2020, 2021]
Acura,RL,117,250.00,15454.00,6568.63,[1997, 1999, 2000, 2001, 2002, 2003, 2004, 2005, 2006, 2007, 2008, 2009, 2010, 2011]
