+---------+----------------+--------+---------+---------+---------+------------------------------------------------------------------------------------------------------------------+
|make_name|model_name      |num_cars|min_price|max_price|avg_price|years_present                                                                                                     |
+---------+----------------+--------+---------+---------+---------+------------------------------------------------------------------------------------------------------------------+
|Acura    |ILX             |103     |7995.0   |31305.0  |21948.5  |[2019, 2016, 2020, 2017, 2013, 2014, 2018, 2015]                                                                  |
|Acura    |ILX Hybrid      |1       |13500.0  |13500.0  |13500.0  |[2013]                                                                                                            |
|Acura    |Legend          |2       |6900.0   |7995.0   |7447.5   |[1993, 1994]                                                                                                      |
|Acura    |MDX             |544     |2490.0   |59675.0  |34659.3  |[2004, 2019, 2005, 2020, 2006, 2013, 2007, 2014, 2015, 2001, 2016, 2008, 2017, 2009, 2003, 2010, 2011, 2018, 2012]|
|Acura    |MDX Hybrid Sport|8       |31995.0  |61145.0  |49602.63 |[2020, 2017, 2018]                                                                                                |
|Acura    |RDX             |279     |5900.0   |49525.0  |28698.73 |[2019, 2020, 2021, 2013, 2007, 2014, 2015, 2016, 2008, 2017, 2009, 2010, 2011, 2018, 2012]                        |
|Acura    |RL              |8       |2390.0   |9458.0   |6903.63  |[2008, 2005, 2009, 2007, 1999, 2011, 2000, 1997]                                                                  |
|Acura    |RLX             |12      |14890.0  |56295.0  |41707.92 |[2016, 2020, 2014, 2015]                                                                                          |
|Acura    |RLX Hybrid Sport|7       |29995.0  |62925.0  |52883.57 |[2016, 2020, 2018]                                                                                                |
|Acura    |RSX             |2       |4999.0   |19000.0  |11999.5  |[2005, 2002]                                                                                                      |
+---------+----------------+--------+---------+---------+---------+------------------------------------------------------------------------------------------------------------------+
only showing top 10 rows
