Acura,ILX,103,7995.00,31305.00,21948.50,[2013, 2014, 2015, 2016, 2017, 2018, 2019, 2020]	
Acura,ILX Hybrid,1,13500.00,13500.00,13500.00,[2013]	
Acura,Legend,2,6900.00,7995.00,7447.50,[1993, 1994]	
Acura,MDX,544,2490.00,59675.00,34659.30,[2001, 2003, 2004, 2005, 2006, 2007, 2008, 2009, 2010, 2011, 2012, 2013, 2014, 2015, 2016, 2017, 2018, 2019, 2020]	
Acura,MDX Hybrid Sport,8,31995.00,61145.00,49602.62,[2017, 2018, 2020]	
Acura,RDX,279,5900.00,49525.00,28698.73,[2007, 2008, 2009, 2010, 2011, 2012, 2013, 2014, 2015, 2016, 2017, 2018, 2019, 2020, 2021]	
Acura,RL,8,2390.00,9458.00,6903.62,[1997, 1999, 2000, 2005, 2007, 2008, 2009, 2011]	
Acura,RLX,12,14890.00,56295.00,41707.92,[2014, 2015, 2016, 2020]	
Acura,RLX Hybrid Sport,7,29995.00,62925.00,52883.57,[2016, 2018, 2020]	
Acura,RSX,2,4999.00,19000.00,11999.50,[2002, 2005]
