Acura,CL,10,650.00,4995.00,3338.60,[1998, 1999, 2001, 2002, 2003]
Acura,ILX,786,7900.00,34720.00,23813.82,[2013, 2014, 2015, 2016, 2017, 2018, 2019, 2020]
Acura,ILX Hybrid,7,8398.00,17997.00,11792.57,[2013]
Acura,Integra,1,47900.00,47900.00,47900.00,[2001]
Acura,Legend,3,4995.00,7995.00,6630.00,[1989, 1993, 1994]
Acura,MDX,4546,1600.00,63745.00,39425.80,[2001, 2002, 2003, 2004, 2005, 2006, 2007, 2008, 2009, 2010, 2011, 2012, 2013, 2014, 2015, 2016, 2017, 2018, 2019, 2020]
Acura,MDX Hybrid Sport,67,31217.00,61175.00,52294.67,[2017, 2018, 2019, 2020]
Acura,NSX,16,77000.00,198795.00,134235.50,[1991, 1993, 2003, 2004, 2005, 2017, 2019, 2020]
Acura,RDX,2766,4995.00,49525.00,33425.83,[2007, 2008, 2009, 2010, 2011, 2012, 2013, 2014, 2015, 2016, 2017, 2018, 2019, 2020, 2021]
Acura,RL,53,1999.00,14995.00,6873.89,[1997, 1999, 2000, 2002, 2003, 2005, 2006, 2007, 2008, 2009, 2010, 2011]
